26
26
27
27
27
27
27
28
29
29
29
29
29
30
30
30
30
31
31
31
32
32
32
32
32
33
33
33
33
33
34
34
34
34
34
34
34
34
34
35
35
35
36
36
36
36
37
37
37
38
38
38
38
39
39
40
40
41
41
41
42
42
42
42
42
42
43
44
44
44
44
45
45
45
45
45
46
46
46
46
46
47
47
48
48
48
48
48
48
48
48
49
49
50
50
50
50
51
51
52
52
52
52
52
53
54
54
54
54
54
55
55
55
55
55
56
56
56
57
57
57
58
58
58
58
59
59
59
59
59
60
60
60
62
62
63
63
63
63
63
63
64
64
64
64
64
66
66
66
66
66
66
66
67
67
68
71
71
71
72
72
74
74
74
74
74
75
75
76
76
76
77
77
77
77
78
78
78
79
79
79
79
79
79
79
81
81
81
81
81
82
83
83
84
84
84
85
85
85
86
86
86
87
87
88
88
88
89
89
89
89
90
90
91
91
92
92
92
92
93
94
94
94
94
95
95
95
95
96
96
96
97
97
98
98
98
99
99
102
102
102
104
104
104
104
105
105
105
107
108
109
70
72
73
76
76
76
80
80
80
83
83
83
83
84
85
86
86
87
87
88
88
89
89
94
94
94
96
96
97
98
99
99
99
100
102
102
102
104
104
104
105
105
105
107
108
109
109
110
110
110
111
111
111
111
112
113
113
115
116
116
118
118
118
120
120
120
121
121
121
121
122
123
124
124
125
125
126
126
126
127
127
128
128
129
130
131
131
133
135
135
135
136
136
136
139
139
140
141
141
141
141
142
144
145
145
146
147
150
150
151
151
151
151
151
151
152
153
154
154
155
155
155
156
156
157
157
157
158
158
158
159
159
159
159
159
160
160
160
160
161
161
181
162
163
166
167
167
168
178
195
200
200
201
201
202
203
204
205
205
205
205
205
206
207
207
209
210
210
210
211
211
212
212
213
217
218
218
218
221
222
222
224
225
226
226
227
230
231
232
233
234
237
237
239
239
240
240
242
242
242
242
245
245
249
250
250
251
252
254
254
255
257
259
261
262
263
263
267
271
273
273
274
274
274
276
276
277
277
278
280
281
282
285
287
287
291
292
294
295
296
300
302
303
305
305
306
306
307
308
310